
2024-06-09, 205, 60, 15,  39.92, $ 63.99, 4, $ 255.96, 555
2024-06-09, 205, 60, 15,  39.92, $ 63.99, no sale
2024-06-09, 265, 50, 20,  70.65, $ 218.99, 2, $ 437.98, 555
2024-06-09, 205, 50, 15,  31.92, $ 158.99, 3, $ 476.97, 555
2024-06-09, 275, 30, 20,  42.09, $ 182.99, 4, $ 731.96, 456
2024-06-09, 245, 45, 17,  46.00, $ 148.99, 2, $ 297.98, 456
2024-06-09, 205, 60, 15,  39.92, $ 63.99, no sale
2024-06-09, 185, 50, 14,  24.09, $ 135.99, no sale
2024-06-12, 205, 60, 15,  39.92, $ 63.99, 2, $ 127.98, 5554567
2024-06-13,205,60,15,39.92
2024-06-13,45,34,23,1.3
2024-06-13,205,60,15,39.92,555678
2024-06-13,205,60,15,39.92,5554567
